69.647485
35.669395
42.862451
48.059494
45.503017
46.734239
50.106264
35.222775
35.419895
41.986574
46.495892
37.805897
54.140411
62.398668
66.652581
64.285608
72.747586
62.506970
69.789627
21.416986
23.852679
20.517626
19.332759
25.652794
21.389067
24.722090
28.089781
26.121420
25.649108
25.177836
35.073767
34.784244
33.501294
37.543848
36.069554
31.010844
38.001016
29.093320
70.401795
36.356126
56.737221
18.195113
32.547115
22.575464
31.873081
43.506711
48.100196
44.020315
42.065491
30.361717
61.260313
39.165922
19.483292
70.284140
26.052756
23.077267
32.247248
25.787208
22.722388
9.632172
25.705277
33.522087
35.653606
15.556594
25.149997
33.361764
31.529748
38.006652
15.806927
22.466632
6.952917
35.205060
37.082649
36.305388
15.940073
46.325782
35.200664
13.101468
16.724693
38.190779
11.475458
15.851530
62.295661
33.194254
48.700725
34.674330
41.663348
29.449929
13.361229
8.703466
33.529509
28.588866
32.878583
32.865479
26.272049
36.723864
43.590618
51.986104
26.130506
35.266302
34.140981
36.604958
43.024513
